0.000000 -0.005527
4.300000 -0.009085
8.600000 -0.007349
12.900000 -0.010178
17.200001 -0.006900
21.500000 0.018432
25.799999 0.084081
30.100000 0.204221
34.400002 0.373908
38.700001 0.590993
43.000000 0.864138
47.299999 1.184291
51.599998 1.551785
55.900002 1.966946
60.200001 2.409775
64.500000 2.853758
68.800003 3.288778
73.099998 3.710491
77.400002 4.130764
81.699997 4.542104
86.000000 4.944047
90.300003 5.351736
94.599998 5.751218
98.900002 6.151706
103.199997 6.563974
107.500000 6.970541
111.800003 7.380048
116.099998 7.792727
120.400002 8.208179
124.699997 8.619704
129.000000 9.037973
133.300003 9.455875
137.600006 9.878092
141.899994 10.298402
146.199997 10.720108
150.500000 11.139815
154.800003 11.564518
159.100006 11.985273
163.399994 12.408698
167.699997 12.832014
172.000000 13.256411
176.300003 13.683414
180.600006 14.106292
184.899994 14.535892
189.199997 14.957615
193.500000 15.387131
197.800003 15.812263
202.100006 16.239035
206.399994 16.663572
210.699997 17.094763
215.000000 17.516354
219.300003 17.947773
223.600006 18.375870
227.899994 18.806341
232.199997 19.229994
236.500000 19.659138
240.800003 20.086388
245.100006 20.518217
249.399994 20.941702
253.699997 21.371449
258.000000 21.796627
262.299988 22.225388
266.600006 22.651371
270.899994 23.082205
275.200012 23.506241
279.500000 23.938881
283.799988 24.368908
288.100006 24.795193
292.399994 25.224781
296.700012 25.653023
301.000000 26.079689
305.299988 26.507915
309.600006 26.934093
313.899994 27.362410
318.200012 27.791845
322.500000 28.220625
326.799988 28.655563
331.100006 29.084507
335.399994 29.511236
339.700012 29.917263
344.000000 30.251884
348.299988 30.488613
352.600006 30.617216
356.899994 30.653439
361.200012 30.582525
365.500000 30.412130
369.799988 30.146261
374.100006 29.782528
378.399994 29.346304
382.700012 28.879065
387.000000 28.432400
391.299988 28.007984
395.600006 27.593473
399.899994 27.196209
404.200012 26.811720
408.500000 26.431738
412.799988 26.059408
417.100006 25.685753
421.399994 25.303486
425.700012 24.916134
430.000000 24.527939
434.299988 24.136511
438.600006 23.741438
442.899994 23.339935
447.200012 22.943295
451.500000 22.535208
455.799988 22.124916
460.100006 21.713261
464.399994 21.300861
468.700012 20.889124
473.000000 20.474689
477.299988 20.062836
481.600006 19.645130
485.899994 19.227827
490.200012 18.809212
494.500000 18.392214
498.799988 17.969543
503.100006 17.550478
507.399994 17.128571
511.700012 16.702873
516.000000 16.282997
520.299988 15.857695
524.599976 15.436634
528.900024 15.010462
533.200012 14.587759
537.500000 14.163321
541.799988 13.734953
546.099976 13.312118
550.400024 12.885414
554.700012 12.461245
559.000000 12.034729
563.299988 11.605774
567.599976 11.183986
571.900024 10.757411
576.200012 10.334955
580.500000 9.908266
584.799988 9.484421
589.099976 9.055676
593.400024 8.632282
597.700012 8.203257
602.000000 7.772184
606.299988 7.346626
610.599976 6.916316
614.900024 6.491108
619.200012 6.065004
623.500000 5.638036
627.799988 5.211239
632.099976 4.790495
636.400024 4.357265
640.700012 3.932349
645.000000 3.497568
649.299988 3.067549
653.599976 2.643683
657.900024 2.218659
662.200012 1.820620
666.500000 1.468482
670.799988 1.168647
675.099976 0.914934
679.400024 0.714202
683.700012 0.565146
688.000000 0.462694
692.299988 0.410150
696.599976 0.403546
700.900024 0.423504
705.200012 0.433536
709.500000 0.436090
713.799988 0.431667
718.099976 0.419636
722.400024 0.398883
726.700012 0.379358
731.000000 0.349522
735.299988 0.323904
739.599976 0.295540
743.900024 0.276314
748.200012 0.255336
752.500000 0.236309
756.799988 0.216178
761.099976 0.204517
765.400024 0.190075
769.700012 0.173846
774.000000 0.166526
778.299988 0.154709
782.599976 0.148802
786.900024 0.140407
791.200012 0.130987
795.500000 0.123576
799.799988 0.115119
804.099976 0.111403
808.400024 0.105660
812.700012 0.098040
817.000000 0.096686
821.299988 0.090791
825.599976 0.085689
829.900024 0.086009
834.200012 0.083722
838.500000 0.077727
842.799988 0.077171
847.099976 0.073185
851.400024 0.073296
855.700012 0.067547
860.000000 0.067726
864.299988 0.062563
868.599976 0.059118
872.900024 0.059560
877.200012 0.058074
881.500000 0.054631
885.799988 0.055444
890.099976 0.051780
894.400024 0.047346
898.700012 0.047040
903.000000 0.043519
907.299988 0.044882
911.599976 0.041919
915.900024 0.040076
920.200012 0.042470
924.500000 0.039044
928.799988 0.042553
933.099976 0.039209
937.400024 0.036964
941.700012 0.036703
946.000000 0.036299
950.299988 0.030991
954.599976 0.029932
958.900024 0.028423
963.200012 0.030804
967.500000 0.031916
971.799988 0.027647
976.099976 0.023707
980.400024 0.024871
984.700012 0.021744
989.000000 0.022712
993.299988 0.022740
997.599976 0.021406
1001.900024 0.021191
1006.200012 0.021880
1010.500000 0.023028
1014.799988 0.019724
1019.099976 0.019357
1023.400024 0.021213
1027.699951 0.021830
1032.000000 0.018893
1036.300049 0.021550
1040.599976 0.018551
1044.900024 0.019473
1049.199951 0.014444
1053.500000 0.015551
1057.800049 0.016324
1062.099976 0.013814
1066.400024 0.014626
1070.699951 0.010862
1075.000000 0.015431
1079.300049 0.013534
1083.599976 0.008899
1087.900024 0.014365
1092.199951 0.011395
1096.500000 0.013432
1100.800049 0.013746
1105.099976 0.009930
1109.400024 0.011729
1113.699951 0.012024
1118.000000 0.013482
1122.300049 0.008789
1126.599976 0.013504
1130.900024 0.010132
1135.199951 0.008758
1139.500000 0.009618
1143.800049 0.009454
1148.099976 0.009164
1152.400024 0.003675
1156.699951 0.010326
1161.000000 0.002665
1165.300049 0.007980
1169.599976 0.002731
1173.900024 0.006099
1178.199951 0.004368
1182.500000 0.005976
1186.800049 0.006964
1191.099976 0.005869
1195.400024 0.004844
1199.699951 0.005255
1204.000000 0.006534
1208.300049 0.003631
1212.599976 0.006084
1216.900024 0.004015
1221.199951 0.004536
1225.500000 0.004039
1229.800049 0.000688
1234.099976 0.004879
1238.400024 0.001828
1242.699951 0.002373
1247.000000 0.002508
1251.300049 -0.003013
1255.599976 0.002651
1259.900024 0.001339
1264.199951 -0.001321
1268.500000 -0.000627
1272.800049 -0.001355
1277.099976 0.002675
1281.400024 -0.002221
1285.699951 0.001276
1290.000000 -0.002884
1294.300049 0.005054
1298.599976 -0.000398
1302.900024 -0.000543
1307.199951 0.001154
1311.500000 -0.004652
1315.800049 0.002816
1320.099976 -0.001818
1324.400024 -0.002317
1328.699951 -0.003251
1333.000000 -0.001552
1337.300049 -0.001315
1341.599976 -0.004762
1345.900024 -0.001542
1350.199951 -0.004816
1354.500000 -0.003846
1358.800049 -0.004138
1363.099976 -0.005493
1367.400024 -0.002772
1371.699951 -0.000868
1376.000000 -0.004738
1380.300049 -0.002141
1384.599976 -0.001973
1388.900024 -0.002488
1393.199951 -0.002283
1397.500000 -0.004359
1401.800049 -0.002503
1406.099976 -0.002895
1410.400024 -0.003709
1414.699951 -0.004130
1419.000000 -0.004088
1423.300049 -0.006557
1427.599976 -0.002925
1431.900024 -0.004569
1436.199951 -0.008584
1440.500000 -0.003192
1444.800049 -0.008215
1449.099976 -0.006058
1453.400024 -0.008097
1457.699951 -0.006033
1462.000000 -0.007793
1466.300049 -0.008761
1470.599976 -0.005688
1474.900024 -0.009406
1479.199951 -0.007337
1483.500000 -0.006699
1487.800049 -0.009690
1492.099976 -0.007493
1496.400024 -0.009029
1500.699951 -0.007259
1505.000000 -0.009859
1509.300049 -0.009181
1513.599976 -0.011104
1517.900024 -0.009096
1522.199951 -0.011314
1526.500000 -0.008890
1530.800049 -0.013241
1535.099976 -0.007711
1539.400024 -0.010716
1543.699951 -0.011880
1548.000000 -0.006791
1552.300049 -0.011619
1556.599976 -0.011526
1560.900024 -0.011556
1565.199951 -0.010754
1569.500000 -0.008811
1573.800049 -0.010246
1578.099976 -0.014275
1582.400024 -0.008473
1586.699951 -0.012062
1591.000000 -0.007586
1595.300049 -0.011513
1599.599976 -0.008601
1603.900024 -0.012214
1608.199951 -0.007430
1612.500000 -0.012763
1616.800049 -0.011837
1621.099976 -0.007290
1625.400024 -0.012312
1629.699951 -0.006017
1634.000000 -0.010270
1638.300049 -0.009235
1642.599976 -0.006209
1646.900024 -0.007464
