0.000000 0.001902
4.300000 0.002772
8.600000 0.004451
12.900000 0.005706
17.200001 0.005987
21.500000 0.022810
25.799999 0.075536
30.100000 0.192074
34.400002 0.361208
38.700001 0.583212
43.000000 0.854822
47.299999 1.181655
51.599998 1.552789
55.900002 1.965050
60.200001 2.416703
64.500000 2.882066
68.800003 3.329007
73.099998 3.756129
77.400002 4.176364
81.699997 4.581501
86.000000 4.983794
90.300003 5.382874
94.599998 5.784532
98.900002 6.186430
103.199997 6.588076
107.500000 6.997867
111.800003 7.401342
116.099998 7.814232
120.400002 8.230224
124.699997 8.645550
129.000000 9.063853
133.300003 9.475996
137.600006 9.900703
141.899994 10.313868
146.199997 10.742705
150.500000 11.162172
154.800003 11.586132
159.100006 12.006641
163.399994 12.426659
167.699997 12.848597
172.000000 13.275736
176.300003 13.700518
180.600006 14.123134
184.899994 14.551939
189.199997 14.977348
193.500000 15.397583
197.800003 15.830688
202.100006 16.252874
206.399994 16.680035
210.699997 17.108625
215.000000 17.530113
219.300003 17.965488
223.600006 18.390524
227.899994 18.820690
232.199997 19.248745
236.500000 19.673683
240.800003 20.103256
245.100006 20.530390
249.399994 20.954597
253.699997 21.380514
258.000000 21.811905
262.299988 22.238308
266.600006 22.665983
270.899994 23.091599
275.200012 23.516396
279.500000 23.950916
283.799988 24.378098
288.100006 24.807058
292.399994 25.231613
296.700012 25.658340
301.000000 26.093672
305.299988 26.514122
309.600006 26.944061
313.899994 27.373714
318.200012 27.803757
322.500000 28.231710
326.799988 28.664961
331.100006 29.093216
335.399994 29.520111
339.700012 29.930153
344.000000 30.292122
348.299988 30.540386
352.600006 30.678188
356.899994 30.705479
361.200012 30.631794
365.500000 30.453686
369.799988 30.178326
374.100006 29.816471
378.399994 29.370819
382.700012 28.871643
387.000000 28.392406
391.299988 27.945332
395.600006 27.531605
399.899994 27.141928
404.200012 26.763916
408.500000 26.398666
412.799988 26.020203
417.100006 25.643965
421.399994 25.273865
425.700012 24.894880
430.000000 24.507208
434.299988 24.120575
438.600006 23.722075
442.899994 23.316677
447.200012 22.914944
451.500000 22.512648
455.799988 22.105047
460.100006 21.697601
464.399994 21.284958
468.700012 20.864742
473.000000 20.451939
477.299988 20.038082
481.600006 19.630810
485.899994 19.214115
490.200012 18.798477
494.500000 18.374638
498.799988 17.959915
503.100006 17.541246
507.399994 17.115463
511.700012 16.700933
516.000000 16.276352
520.299988 15.848399
524.599976 15.426360
528.900024 15.005668
533.200012 14.581499
537.500000 14.155307
541.799988 13.726513
546.099976 13.302755
550.400024 12.874466
554.700012 12.453249
559.000000 12.023863
563.299988 11.599867
567.599976 11.175117
571.900024 10.755527
576.200012 10.327259
580.500000 9.903781
584.799988 9.476938
589.099976 9.056039
593.400024 8.628976
597.700012 8.204571
602.000000 7.770513
606.299988 7.346652
610.599976 6.917374
614.900024 6.497760
619.200012 6.062120
623.500000 5.636869
627.799988 5.212916
632.099976 4.783886
636.400024 4.352197
640.700012 3.926497
645.000000 3.491933
649.299988 3.061004
653.599976 2.635901
657.900024 2.211628
662.200012 1.802280
666.500000 1.440001
670.799988 1.133644
675.099976 0.880294
679.400024 0.685518
683.700012 0.535671
688.000000 0.442148
692.299988 0.388349
696.599976 0.384366
700.900024 0.412319
705.200012 0.443042
709.500000 0.458069
713.799988 0.460337
718.099976 0.439930
722.400024 0.420949
726.700012 0.385957
731.000000 0.361958
735.299988 0.335273
739.599976 0.308621
743.900024 0.273529
748.200012 0.259720
752.500000 0.234406
756.799988 0.220885
761.099976 0.206400
765.400024 0.197658
769.700012 0.179956
774.000000 0.170067
778.299988 0.163171
782.599976 0.147941
786.900024 0.145700
791.200012 0.142694
795.500000 0.130722
799.799988 0.121231
804.099976 0.113815
808.400024 0.107364
812.700012 0.102157
817.000000 0.095401
821.299988 0.090288
825.599976 0.084361
829.900024 0.083265
834.200012 0.074155
838.500000 0.077849
842.799988 0.073766
847.099976 0.070193
851.400024 0.064776
855.700012 0.067770
860.000000 0.060421
864.299988 0.061529
868.599976 0.061258
872.900024 0.057087
877.200012 0.054958
881.500000 0.056449
885.799988 0.051620
890.099976 0.047114
894.400024 0.046608
898.700012 0.044089
903.000000 0.041904
907.299988 0.036601
911.599976 0.038201
915.900024 0.031296
920.200012 0.035574
924.500000 0.030804
928.799988 0.032636
933.099976 0.026199
937.400024 0.029586
941.700012 0.027423
946.000000 0.025664
950.299988 0.023647
954.599976 0.025344
958.900024 0.024784
963.200012 0.021293
967.500000 0.027757
971.799988 0.022150
976.099976 0.022541
980.400024 0.020670
984.700012 0.020519
989.000000 0.017996
993.299988 0.020999
997.599976 0.019200
1001.900024 0.015767
1006.200012 0.019321
1010.500000 0.015505
1014.799988 0.014499
1019.099976 0.014861
1023.400024 0.015355
1027.699951 0.017248
1032.000000 0.013283
1036.300049 0.013534
1040.599976 0.014551
1044.900024 0.011469
1049.199951 0.011693
1053.500000 0.010120
1057.800049 0.011478
1062.099976 0.013495
1066.400024 0.009838
1070.699951 0.007151
1075.000000 0.011154
1079.300049 0.008019
1083.599976 0.002604
1087.900024 0.006593
1092.199951 0.007345
1096.500000 0.001210
1100.800049 0.004427
1105.099976 0.006606
1109.400024 -0.001729
1113.699951 0.001391
1118.000000 0.000621
1122.300049 0.002361
1126.599976 -0.001554
1130.900024 0.001590
1135.199951 -0.001126
1139.500000 0.000410
1143.800049 -0.002725
1148.099976 0.000204
1152.400024 -0.001654
1156.699951 -0.001811
1161.000000 -0.003928
1165.300049 -0.003446
1169.599976 0.000272
1173.900024 -0.006353
1178.199951 -0.002998
1182.500000 -0.000021
1186.800049 -0.005393
1191.099976 -0.005961
1195.400024 -0.000824
1199.699951 -0.007417
1204.000000 -0.005986
1208.300049 -0.001189
1212.599976 -0.009417
1216.900024 -0.004695
1221.199951 -0.005583
1225.500000 -0.005857
1229.800049 -0.007042
1234.099976 -0.007417
1238.400024 -0.006187
1242.699951 -0.006724
1247.000000 -0.006100
1251.300049 -0.006350
1255.599976 -0.007079
1259.900024 -0.007093
1264.199951 -0.005863
1268.500000 -0.008143
1272.800049 -0.004881
1277.099976 -0.008036
1281.400024 -0.004187
1285.699951 -0.005276
1290.000000 -0.006192
1294.300049 -0.002266
1298.599976 -0.008618
1302.900024 -0.005684
1307.199951 -0.006350
1311.500000 -0.005286
1315.800049 -0.007849
1320.099976 -0.003518
1324.400024 -0.005407
1328.699951 -0.006145
1333.000000 -0.003391
1337.300049 -0.002456
1341.599976 -0.008427
1345.900024 -0.004621
1350.199951 -0.007404
1354.500000 -0.001781
1358.800049 -0.004175
1363.099976 -0.003542
1367.400024 -0.001029
1371.699951 -0.001723
1376.000000 -0.001177
1380.300049 -0.002372
1384.599976 -0.003948
1388.900024 0.004771
1393.199951 -0.003450
1397.500000 -0.001446
1401.800049 0.001923
1406.099976 0.002083
1410.400024 -0.002089
1414.699951 0.001019
1419.000000 -0.000313
1423.300049 -0.000795
1427.599976 0.001495
1431.900024 0.004811
1436.199951 -0.001200
1440.500000 0.002552
1444.800049 0.000988
1449.099976 0.001737
1453.400024 0.000050
1457.699951 0.002796
1462.000000 0.002690
1466.300049 0.002120
1470.599976 0.001302
1474.900024 0.002828
1479.199951 0.001801
1483.500000 0.002889
1487.800049 0.000382
1492.099976 0.000735
1496.400024 0.002516
1500.699951 0.000369
1505.000000 -0.000902
1509.300049 0.002843
1513.599976 -0.000981
1517.900024 -0.001937
1522.199951 0.000988
1526.500000 -0.000737
1530.800049 -0.000689
1535.099976 0.003318
1539.400024 -0.000334
1543.699951 -0.001872
1548.000000 0.003667
1552.300049 0.000097
1556.599976 0.000288
1560.900024 -0.000139
1565.199951 -0.001774
1569.500000 0.001694
1573.800049 0.000041
1578.099976 0.000836
1582.400024 0.001639
1586.699951 0.002256
1591.000000 -0.000696
1595.300049 -0.001988
1599.599976 0.001719
1603.900024 -0.001061
1608.199951 0.002261
1612.500000 -0.003292
1616.800049 0.000688
1621.099976 0.002528
1625.400024 0.001913
1629.699951 0.002461
1634.000000 0.001034
1638.300049 0.006642
1642.599976 0.000194
1646.900024 0.005717
