0.000000 -0.015363
4.300000 -0.011278
8.600000 -0.015464
12.900000 -0.015615
17.200001 -0.003393
21.500000 0.015604
25.799999 0.087167
30.100000 0.202563
34.400002 0.377243
38.700001 0.588580
43.000000 0.865939
47.299999 1.171546
51.599998 1.550883
55.900002 1.957630
60.200001 2.400812
64.500000 2.841521
68.800003 3.276458
73.099998 3.700211
77.400002 4.123899
81.699997 4.539075
86.000000 4.942549
90.300003 5.345463
94.599998 5.749262
98.900002 6.153909
103.199997 6.555427
107.500000 6.960841
111.800003 7.368753
116.099998 7.779485
120.400002 8.188380
124.699997 8.604627
129.000000 9.024523
133.300003 9.444691
137.600006 9.859713
141.899994 10.281602
146.199997 10.705084
150.500000 11.126404
154.800003 11.549925
159.100006 11.972736
163.399994 12.396772
167.699997 12.814590
172.000000 13.242413
176.300003 13.665337
180.600006 14.089445
184.899994 14.522826
189.199997 14.940407
193.500000 15.369066
197.800003 15.793132
202.100006 16.221777
206.399994 16.645958
210.699997 17.076536
215.000000 17.496761
219.300003 17.930107
223.600006 18.356888
227.899994 18.781067
232.199997 19.210318
236.500000 19.643295
240.800003 20.062757
245.100006 20.488621
249.399994 20.924099
253.699997 21.346998
258.000000 21.771713
262.299988 22.203392
266.600006 22.625500
270.899994 23.053633
275.200012 23.489410
279.500000 23.912481
283.799988 24.340046
288.100006 24.768288
292.399994 25.199863
296.700012 25.627811
301.000000 26.056664
305.299988 26.477211
309.600006 26.915939
313.899994 27.337919
318.200012 27.775230
322.500000 28.198193
326.799988 28.634130
331.100006 29.061581
335.399994 29.482359
339.700012 29.886229
344.000000 30.221493
348.299988 30.454464
352.600006 30.584995
356.899994 30.623800
361.200012 30.555786
365.500000 30.395763
369.799988 30.130301
374.100006 29.769939
378.399994 29.337523
382.700012 28.870747
387.000000 28.432417
391.299988 28.002583
395.600006 27.587048
399.899994 27.180981
404.200012 26.789448
408.500000 26.411667
412.799988 26.040768
417.100006 25.663847
421.399994 25.289261
425.700012 24.911695
430.000000 24.525015
434.299988 24.140127
438.600006 23.748394
442.899994 23.349575
447.200012 22.945122
451.500000 22.538937
455.799988 22.127544
460.100006 21.721260
464.399994 21.311462
468.700012 20.888365
473.000000 20.481306
477.299988 20.064886
481.600006 19.645100
485.899994 19.232304
490.200012 18.815237
494.500000 18.398705
498.799988 17.976204
503.100006 17.558357
507.399994 17.130209
511.700012 16.714458
516.000000 16.289944
520.299988 15.868801
524.599976 15.448400
528.900024 15.017982
533.200012 14.604736
537.500000 14.176890
541.799988 13.747370
546.099976 13.328460
550.400024 12.901519
554.700012 12.472763
559.000000 12.046463
563.299988 11.633421
567.599976 11.194178
571.900024 10.777935
576.200012 10.351202
580.500000 9.925478
584.799988 9.503092
589.099976 9.079870
593.400024 8.647221
597.700012 8.219141
602.000000 7.798271
606.299988 7.371061
610.599976 6.933942
614.900024 6.516678
619.200012 6.081255
623.500000 5.662841
627.799988 5.236957
632.099976 4.804752
636.400024 4.381071
640.700012 3.947694
645.000000 3.520525
649.299988 3.087483
653.599976 2.670480
657.900024 2.240771
662.200012 1.844932
666.500000 1.494962
670.799988 1.192073
675.099976 0.943298
679.400024 0.733135
683.700012 0.586757
688.000000 0.476480
692.299988 0.427538
696.599976 0.417560
700.900024 0.440161
705.200012 0.445295
709.500000 0.445799
713.799988 0.446587
718.099976 0.433060
722.400024 0.423729
726.700012 0.398500
731.000000 0.371983
735.299988 0.342680
739.599976 0.318034
743.900024 0.289697
748.200012 0.266246
752.500000 0.252646
756.799988 0.222276
761.099976 0.209806
765.400024 0.196122
769.700012 0.183114
774.000000 0.176382
778.299988 0.167714
782.599976 0.149430
786.900024 0.151542
791.200012 0.141974
795.500000 0.128532
799.799988 0.130748
804.099976 0.121262
808.400024 0.113662
812.700012 0.107237
817.000000 0.104395
821.299988 0.098729
825.599976 0.096771
829.900024 0.093368
834.200012 0.094069
838.500000 0.084197
842.799988 0.080963
847.099976 0.085845
851.400024 0.075497
855.700012 0.067769
860.000000 0.075552
864.299988 0.066909
868.599976 0.065417
872.900024 0.066757
877.200012 0.063638
881.500000 0.056107
885.799988 0.060589
890.099976 0.059073
894.400024 0.051421
898.700012 0.055170
903.000000 0.050216
907.299988 0.045038
911.599976 0.049104
915.900024 0.049831
920.200012 0.045862
924.500000 0.041437
928.799988 0.046362
933.099976 0.042010
937.400024 0.043950
941.700012 0.044407
946.000000 0.038583
950.299988 0.036251
954.599976 0.033153
958.900024 0.035997
963.200012 0.036160
967.500000 0.036101
971.799988 0.030903
976.099976 0.030028
980.400024 0.033941
984.700012 0.029082
989.000000 0.028036
993.299988 0.027976
997.599976 0.031866
1001.900024 0.028955
1006.200012 0.031272
1010.500000 0.033102
1014.799988 0.025584
1019.099976 0.029231
1023.400024 0.022939
1027.699951 0.033869
1032.000000 0.023466
1036.300049 0.028903
1040.599976 0.024816
1044.900024 0.022793
1049.199951 0.024574
1053.500000 0.023512
1057.800049 0.022258
1062.099976 0.017714
1066.400024 0.028686
1070.699951 0.014068
1075.000000 0.022388
1079.300049 0.020050
1083.599976 0.022787
1087.900024 0.020301
1092.199951 0.018851
1096.500000 0.017737
1100.800049 0.018088
1105.099976 0.023817
1109.400024 0.013780
1113.699951 0.026168
1118.000000 0.017933
1122.300049 0.015649
1126.599976 0.021597
1130.900024 0.016855
1135.199951 0.014796
1139.500000 0.015748
1143.800049 0.015248
1148.099976 0.016192
1152.400024 0.009549
1156.699951 0.012415
1161.000000 0.013644
1165.300049 0.011978
1169.599976 0.009429
1173.900024 0.017632
1178.199951 0.009365
1182.500000 0.010436
1186.800049 0.010641
1191.099976 0.009117
1195.400024 0.013108
1199.699951 0.008135
1204.000000 0.015230
1208.300049 0.004675
1212.599976 0.009763
1216.900024 0.009077
1221.199951 0.006275
1225.500000 0.008968
1229.800049 0.005875
1234.099976 0.002907
1238.400024 0.006521
1242.699951 0.005443
1247.000000 0.002957
1251.300049 0.005158
1255.599976 0.001621
1259.900024 0.002462
1264.199951 -0.005503
1268.500000 0.003386
1272.800049 0.001186
1277.099976 0.005452
1281.400024 -0.006111
1285.699951 0.003517
1290.000000 0.000983
1294.300049 0.000532
1298.599976 -0.004974
1302.900024 -0.002811
1307.199951 0.001281
1311.500000 -0.000701
1315.800049 -0.006426
1320.099976 -0.002219
1324.400024 -0.005367
1328.699951 -0.008697
1333.000000 -0.004628
1337.300049 -0.007021
1341.599976 -0.004550
1345.900024 -0.006500
1350.199951 -0.012984
1354.500000 -0.003833
1358.800049 -0.014107
1363.099976 -0.003394
1367.400024 -0.012192
1371.699951 -0.008410
1376.000000 -0.012274
1380.300049 -0.003172
1384.599976 -0.015724
1388.900024 -0.009963
1393.199951 -0.009845
1397.500000 -0.010660
1401.800049 -0.012787
1406.099976 -0.010008
1410.400024 -0.015061
1414.699951 -0.009547
1419.000000 -0.011425
1423.300049 -0.012986
1427.599976 -0.016663
1431.900024 -0.014333
1436.199951 -0.020060
1440.500000 -0.012853
1444.800049 -0.018502
1449.099976 -0.018040
1453.400024 -0.011404
1457.699951 -0.016215
1462.000000 -0.015976
1466.300049 -0.018679
1470.599976 -0.014035
1474.900024 -0.015514
1479.199951 -0.016462
1483.500000 -0.016451
1487.800049 -0.019906
1492.099976 -0.018256
1496.400024 -0.018048
1500.699951 -0.013653
1505.000000 -0.017837
1509.300049 -0.014395
1513.599976 -0.019738
1517.900024 -0.019972
1522.199951 -0.014873
1526.500000 -0.022097
1530.800049 -0.011059
1535.099976 -0.023753
1539.400024 -0.016559
1543.699951 -0.019016
1548.000000 -0.016996
1552.300049 -0.017280
1556.599976 -0.018733
1560.900024 -0.017935
1565.199951 -0.016340
1569.500000 -0.021370
1573.800049 -0.010194
1578.099976 -0.021266
1582.400024 -0.012110
1586.699951 -0.017284
1591.000000 -0.012983
1595.300049 -0.017961
1599.599976 -0.012960
1603.900024 -0.013474
1608.199951 -0.020709
1612.500000 -0.013106
1616.800049 -0.012661
1621.099976 -0.009986
1625.400024 -0.015426
1629.699951 -0.017816
1634.000000 -0.008929
1638.300049 -0.014401
1642.599976 -0.014115
1646.900024 -0.011644
